15

71 -13 2 3 1 -3 18 -13 -9 4 -3 23.1 0 0 0 -94.8
16.1 -4 1 18 1 22 10 18 -19 0 0 21 12 0 0 17.5
11 1 0 4 -16 12 6 -22 18 1 -1 3 0 6 -19 68.8
-8 0 0 -1 -14 1 22 0 0 1 18.2 49.3 1 0 -1 28.8
18.7 6.9 1 16 0 0 0 1 4 17 0 -1 0 12 0 17.9
8 1 0 0 18 1 -18 1 -1 -8 1 0 -22 2.2 0 321
14.5 24 6 12 -1 0 14 0 0 1 0 0 8 1 -1 18.1
26 1 4 22 12 0 0 9.8 1 8 4 -12 12 14 0 29.2
-1 8 0 8.4 18 -16 1 -8 1 16 4.8 -7 0 0 -35.9 27.2
0 -8.6 0 -8 18 -16 1 8 -1 16 14 9 0 0 -1 93.44
0 0 18 1 1 1 4 1 8 1 89 41.9 1 0 0 271
54 -1 1 1 1 22 0 -1 12 0 0 1 20 6 -9 19.1
19 7 8 0 6 1 5.3 0 1 -8 2 0 -11 15 -13 19.14
18 9 2 1 1 -1 15 -13 -1 4 1 23.1 0 0 0 92
0 83.5 4 -12 1 -19 6 1 6 0 -6 0 1 1 0 64.3